riris1702
kendari91
01011988
01021988
01031988
01041988
01051988
01061988
01071988
01081988
01091988
01101988
01111988
01121988
02011988
02021988
02031988
02041988
02051988
02061988
02071988
02081988
02091988
02101988
02111988
02121988
03011988
03021988
03031988
03041988
03051988
03061988
03071988
03081988
03091988
03101988
03111988
03121988
04011988
04021988
04031988
04041988
04051988
04061988
04071988
04081988
04091988
04101988
04111988
04121988
05011988
05021988
05031988
05041988
05051988
05061988
05071988
05081988
05091988
05101988
05111988
05121988
06011988
06021988
06031988
06041988
06051988
06061988
06071988
06081988
06091988
06101988
06111988
06121988
07011988
07021988
07031988
07041988
07051988
07061988
07071988
07081988
07091988
07101988
07111988
07121988
08011988
08021988
08031988
08041988
08051988
08061988
08071988
08081988
08091988
08101988
08111988
08121988
09011988
09021988
09031988
09041988
09051988
09061988
09071988
09081988
09091988
09101988
09111988
09121988
10011988
10021988
10031988
10041988
10051988
10061988
10071988
10081988
10091988
10101988
10111988
10121988
11011988
11021988
11031988
11041988
11051988
11061988
11071988
11081988
11091988
11101988
11111988
11121988
12011988
12021988
12031988
12041988
12051988
12061988
12071988
12081988
12091988
12101988
12111988
12121988
13011988
13021988
13031988
13041988
13051988
13061988
13071988
13081988
13091988
13101988
13111988
13121988
14011988
14021988
14031988
14041988
14051988
14061988
14071988
14081988
14091988
14101988
14111988
14121988
15011988
15021988
15031988
15041988
15051988
15061988
15071988
15081988
15091988
15101988
15111988
15121988
16011988
16021988
16031988
16041988
16051988
16061988
16071988
16081988
16091988
16101988
16111988
16121988
17011988
17021988
17031988
17041988
17051988
17061988
17071988
17081988
17091988
17101988
17111988
17121988
18011988
18021988
18031988
18041988
18051988
18061988
18071988
18081988
18091988
18101988
18111988
18121988
19011988
19021988
19031988
19041988
19051988
19061988
19071988
19081988
19091988
19101988
19111988
19121988
20011988
20021988
20031988
20041988
20051988
20061988
20071988
20081988
20091988
20101988
20111988
20121988
21011988
21021988
21031988
21041988
21051988
21061988
21071988
21081988
21091988
21101988
21111988
21121988
22011988
22021988
22031988
22041988
22051988
22061988
22071988
22081988
22091988
22101988
22111988
22121988
23011988
23021988
23031988
23041988
23051988
23061988
23071988
23081988
23091988
23101988
23111988
23121988
24011988
24021988
24031988
24041988
24051988
24061988
24071988
24081988
24091988
24101988
24111988
24121988
25011988
25021988
25031988
25041988
25051988
25061988
25071988
25081988
25091988
25101988
25111988
25121988
26011988
26021988
26031988
26041988
26051988
26061988
26071988
26081988
26091988
26101988
26111988
26121988
27011988
27021988
27031988
27041988
27051988
27061988
27071988
27081988
27091988
27101988
27111988
27121988
28011988
28021988
28031988
28041988
28051988
28061988
28071988
28081988
28091988
28101988
28111988
28121988
29011988
29021988
29031988
29041988
29051988
29061988
29071988
29081988
29091988
29101988
29111988
29121988
30011988
30021988
30031988
30041988
30051988
30061988
30071988
30081988
30091988
30101988
30111988
30121988
31011988
31021988
31031988
31041988
31051988
31061988
31071988
31081988
31091988
31101988
31111988
31121988
01011989
01021989
01031989
01041989
01051989
01061989
01071989
01081989
01091989
01101989
01111989
01121989
02011989
02021989
02031989
02041989
02051989
02061989
02071989
02081989
02091989
02101989
02111989
02121989
03011989
03021989
03031989
03041989
03051989
03061989
03071989
03081989
03091989
03101989
03111989
03121989
04011989
04021989
04031989
04041989
04051989
04061989
04071989
04081989
04091989
04101989
04111989
04121989
05011989
05021989
05031989
05041989
05051989
05061989
05071989
05081989
05091989
05101989
05111989
05121989
06011989
06021989
06031989
06041989
06051989
06061989
06071989
06081989
06091989
06101989
06111989
06121989
07011989
07021989
07031989
07041989
07051989
07061989
07071989
07081989
07091989
07101989
07111989
07121989
08011989
08021989
08031989
08041989
08051989
08061989
08071989
08081989
08091989
08101989
08111989
08121989
09011989
09021989
09031989
09041989
09051989
09061989
09071989
09081989
09091989
09101989
09111989
09121989
10011989
10021989
10031989
10041989
10051989
10061989
10071989
10081989
10091989
10101989
10111989
10121989
11011989
11021989
11031989
11041989
11051989
11061989
11071989
11081989
11091989
11101989
11111989
11121989
12011989
12021989
12031989
12041989
12051989
12061989
12071989
12081989
12091989
12101989
12111989
12121989
13011989
13021989
13031989
13041989
13051989
13061989
13071989
13081989
13091989
13101989
13111989
13121989
14011989
14021989
14031989
14041989
14051989
14061989
14071989
14081989
14091989
14101989
14111989
14121989
15011989
15021989
15031989
15041989
15051989
15061989
15071989
15081989
15091989
15101989
15111989
15121989
16011989
16021989
16031989
16041989
16051989
16061989
16071989
16081989
16091989
16101989
16111989
16121989
17011989
17021989
17031989
17041989
17051989
17061989
17071989
17081989
17091989
17101989
17111989
17121989
18011989
18021989
18031989
18041989
18051989
18061989
18071989
18081989
18091989
18101989
18111989
18121989
19011989
19021989
19031989
19041989
19051989
19061989
19071989
19081989
19091989
19101989
19111989
19121989
20011989
20021989
20031989
20041989
20051989
20061989
20071989
20081989
20091989
20101989
20111989
20121989
21011989
21021989
21031989
21041989
21051989
21061989
21071989
21081989
21091989
21101989
21111989
21121989
22011989
22021989
22031989
22041989
22051989
22061989
22071989
22081989
22091989
22101989
22111989
22121989
23011989
23021989
23031989
23041989
23051989
23061989
23071989
23081989
23091989
23101989
23111989
23121989
24011989
24021989
24031989
24041989
24051989
24061989
24071989
24081989
24091989
24101989
24111989
24121989
25011989
25021989
25031989
25041989
25051989
25061989
25071989
25081989
25091989
25101989
25111989
25121989
26011989
26021989
26031989
26041989
26051989
26061989
26071989
26081989
26091989
26101989
26111989
26121989
27011989
27021989
27031989
27041989
27051989
27061989
27071989
27081989
27091989
27101989
27111989
27121989
28011989
28021989
28031989
28041989
28051989
28061989
28071989
28081989
28091989
28101989
28111989
28121989
29011989
29021989
29031989
29041989
29051989
29061989
29071989
29081989
29091989
29101989
29111989
29121989
30011989
30021989
30031989
30041989
30051989
30061989
30071989
30081989
30091989
30101989
30111989
30121989
31011989
31021989
31031989
31041989
31051989
31061989
31071989
31081989
31091989
31101989
31111989
31121989
01011990
01021990
01031990
01041990
01051990
01061990
01071990
01081990
01091990
01101990
01111990
01121990
02011990
02021990
02031990
02041990
02051990
02061990
02071990
02081990
02091990
02101990
02111990
02121990
03011990
03021990
03031990
03041990
03051990
03061990
03071990
03081990
03091990
03101990
03111990
03121990
04011990
04021990
04031990
04041990
04051990
04061990
04071990
04081990
04091990
04101990
04111990
04121990
05011990
05021990
05031990
05041990
05051990
05061990
05071990
05081990
05091990
05101990
05111990
05121990
06011990
06021990
06031990
06041990
06051990
06061990
06071990
06081990
06091990
06101990
06111990
06121990
07011990
07021990
07031990
07041990
07051990
07061990
07071990
07081990
07091990
07101990
07111990
07121990
08011990
08021990
08031990
08041990
08051990
08061990
08071990
08081990
08091990
08101990
08111990
08121990
09011990
09021990
09031990
09041990
09051990
09061990
09071990
09081990
09091990
09101990
09111990
09121990
10011990
10021990
10031990
10041990
10051990
10061990
10071990
10081990
10091990
10101990
10111990
10121990
11011990
11021990
11031990
11041990
11051990
11061990
11071990
11081990
11091990
11101990
11111990
11121990
12011990
12021990
12031990
12041990
12051990
12061990
12071990
12081990
12091990
12101990
12111990
12121990
13011990
13021990
13031990
13041990
13051990
13061990
13071990
13081990
13091990
13101990
13111990
13121990
14011990
14021990
14031990
14041990
14051990
14061990
14071990
14081990
14091990
14101990
14111990
14121990
15011990
15021990
15031990
15041990
15051990
15061990
15071990
15081990
15091990
15101990
15111990
15121990
16011990
16021990
16031990
16041990
16051990
16061990
16071990
16081990
16091990
16101990
16111990
16121990
17011990
17021990
17031990
17041990
17051990
17061990
17071990
17081990
17091990
17101990
17111990
17121990
18011990
18021990
18031990
18041990
18051990
18061990
18071990
18081990
18091990
18101990
18111990
18121990
19011990
19021990
19031990
19041990
19051990
19061990
19071990
19081990
19091990
19101990
19111990
19121990
20011990
20021990
20031990
20041990
20051990
20061990
20071990
20081990
20091990
20101990
20111990
20121990
21011990
21021990
21031990
21041990
21051990
21061990
21071990
21081990
21091990
21101990
21111990
21121990
22011990
22021990
22031990
22041990
22051990
22061990
22071990
22081990
22091990
22101990
22111990
22121990
23011990
23021990
23031990
23041990
23051990
23061990
23071990
23081990
23091990
23101990
23111990
23121990
24011990
24021990
24031990
24041990
24051990
24061990
24071990
24081990
24091990
24101990
24111990
24121990
25011990
25021990
25031990
25041990
25051990
25061990
25071990
25081990
25091990
25101990
25111990
25121990
26011990
26021990
26031990
26041990
26051990
26061990
26071990
26081990
26091990
26101990
26111990
26121990
27011990
27021990
27031990
27041990
27051990
27061990
27071990
27081990
27091990
27101990
27111990
27121990
28011990
28021990
28031990
28041990
28051990
28061990
28071990
28081990
28091990
28101990
28111990
28121990
29011990
29021990
29031990
29041990
29051990
29061990
29071990
29081990
29091990
29101990
29111990
29121990
30011990
30021990
30031990
30041990
30051990
30061990
30071990
30081990
30091990
30101990
30111990
30121990
31011990
31021990
31031990
31041990
31051990
31061990
31071990
31081990
31091990
31101990
31111990
31121990
01011991
01021991
01031991
01041991
01051991
01061991
01071991
01081991
01091991
01101991
01111991
01121991
02011991
02021991
02031991
02041991
02051991
02061991
02071991
02081991
02091991
02101991
02111991
02121991
03011991
03021991
03031991
03041991
03051991
03061991
03071991
03081991
03091991
03101991
03111991
03121991
04011991
04021991
04031991
04041991
04051991
04061991
04071991
04081991
04091991
04101991
04111991
04121991
05011991
05021991
05031991
05041991
05051991
05061991
05071991
05081991
05091991
05101991
05111991
05121991
06011991
06021991
06031991
06041991
06051991
06061991
06071991
06081991
06091991
06101991
06111991
06121991
07011991
07021991
07031991
07041991
07051991
07061991
07071991
07081991
07091991
07101991
07111991
07121991
08011991
08021991
08031991
08041991
08051991
08061991
08071991
08081991
08091991
08101991
08111991
08121991
09011991
09021991
09031991
09041991
09051991
09061991
09071991
09081991
09091991
09101991
09111991
09121991
10011991
10021991
10031991
10041991
10051991
10061991
10071991
10081991
10091991
10101991
10111991
10121991
11011991
11021991
11031991
11041991
11051991
11061991
11071991
11081991
11091991
11101991
11111991
11121991
12011991
12021991
12031991
12041991
12051991
12061991
12071991
12081991
12091991
12101991
12111991
12121991
13011991
13021991
13031991
13041991
13051991
13061991
13071991
13081991
13091991
13101991
13111991
13121991
14011991
14021991
14031991
14041991
14051991
14061991
14071991
14081991
14091991
14101991
14111991
14121991
15011991
15021991
15031991
15041991
15051991
15061991
15071991
15081991
15091991
15101991
15111991
15121991
16011991
16021991
16031991
16041991
16051991
16061991
16071991
16081991
16091991
16101991
16111991
16121991
17011991
17021991
17031991
17041991
17051991
17061991
17071991
17081991
17091991
17101991
17111991
17121991
18011991
18021991
18031991
18041991
18051991
18061991
18071991
18081991
18091991
18101991
18111991
18121991
19011991
19021991
19031991
19041991
19051991
19061991
19071991
19081991
19091991
19101991
19111991
19121991
20011991
20021991
20031991
20041991
20051991
20061991
20071991
20081991
20091991
20101991
20111991
20121991
21011991
21021991
21031991
21041991
21051991
21061991
21071991
21081991
21091991
21101991
21111991
21121991
22011991
22021991
22031991
22041991
22051991
22061991
22071991
22081991
22091991
22101991
22111991
22121991
23011991
23021991
23031991
23041991
23051991
23061991
23071991
23081991
23091991
23101991
23111991
23121991
24011991
24021991
24031991
24041991
24051991
24061991
24071991
24081991
24091991
24101991
24111991
24121991
25011991
25021991
25031991
25041991
25051991
25061991
25071991
25081991
25091991
25101991
25111991
25121991
26011991
26021991
26031991
26041991
26051991
26061991
26071991
26081991
26091991
26101991
26111991
26121991
27011991
27021991
27031991
27041991
27051991
27061991
27071991
27081991
27091991
27101991
27111991
27121991
28011991
28021991
28031991
28041991
28051991
28061991
28071991
28081991
28091991
28101991
28111991
28121991
29011991
29021991
29031991
29041991
29051991
29061991
29071991
29081991
29091991
29101991
29111991
29121991
30011991
30021991
30031991
30041991
30051991
30061991
30071991
30081991
30091991
30101991
30111991
30121991
31011991
31021991
31031991
31041991
31051991
31061991
31071991
31081991
31091991
31101991
31111991
31121991
01011992
01021992
01031992
01041992
01051992
01061992
01071992
01081992
01091992
01101992
01111992
01121992
02011992
02021992
02031992
02041992
02051992
02061992
02071992
02081992
02091992
02101992
02111992
02121992
03011992
03021992
03031992
03041992
03051992
03061992
03071992
03081992
03091992
03101992
03111992
03121992
04011992
04021992
04031992
04041992
04051992
04061992
04071992
04081992
04091992
04101992
04111992
04121992
05011992
05021992
05031992
05041992
05051992
05061992
05071992
05081992
05091992
05101992
05111992
05121992
06011992
06021992
06031992
06041992
06051992
06061992
06071992
06081992
06091992
06101992
06111992
06121992
07011992
07021992
07031992
07041992
07051992
07061992
07071992
07081992
07091992
07101992
07111992
07121992
08011992
08021992
08031992
08041992
08051992
08061992
08071992
08081992
08091992
08101992
08111992
08121992
09011992
09021992
09031992
09041992
09051992
09061992
09071992
09081992
09091992
09101992
09111992
09121992
10011992
10021992
10031992
10041992
10051992
10061992
10071992
10081992
10091992
10101992
10111992
10121992
11011992
11021992
11031992
11041992
11051992
11061992
11071992
11081992
11091992
11101992
11111992
11121992
12011992
12021992
12031992
12041992
12051992
12061992
12071992
12081992
12091992
12101992
12111992
12121992
13011992
13021992
13031992
13041992
13051992
13061992
13071992
13081992
13091992
13101992
13111992
13121992
14011992
14021992
14031992
14041992
14051992
14061992
14071992
14081992
14091992
14101992
14111992
14121992
15011992
15021992
15031992
15041992
15051992
15061992
15071992
15081992
15091992
15101992
15111992
15121992
16011992
16021992
16031992
16041992
16051992
16061992
16071992
16081992
16091992
16101992
16111992
16121992
17011992
17021992
17031992
17041992
17051992
17061992
17071992
17081992
17091992
17101992
17111992
17121992
18011992
18021992
18031992
18041992
18051992
18061992
18071992
18081992
18091992
18101992
18111992
18121992
19011992
19021992
19031992
19041992
19051992
19061992
19071992
19081992
19091992
19101992
19111992
19121992
20011992
20021992
20031992
20041992
20051992
20061992
20071992
20081992
20091992
20101992
20111992
20121992
21011992
21021992
21031992
21041992
21051992
21061992
21071992
21081992
21091992
21101992
21111992
21121992
22011992
22021992
22031992
22041992
22051992
22061992
22071992
22081992
22091992
22101992
22111992
22121992
23011992
23021992
23031992
23041992
23051992
23061992
23071992
23081992
23091992
23101992
23111992
23121992
24011992
24021992
24031992
24041992
24051992
24061992
24071992
24081992
24091992
24101992
24111992
24121992
25011992
25021992
25031992
25041992
25051992
25061992
25071992
25081992
25091992
25101992
25111992
25121992
26011992
26021992
26031992
26041992
26051992
26061992
26071992
26081992
26091992
26101992
26111992
26121992
27011992
27021992
27031992
27041992
27051992
27061992
27071992
27081992
27091992
27101992
27111992
27121992
28011992
28021992
28031992
28041992
28051992
28061992
28071992
28081992
28091992
28101992
28111992
28121992
29011992
29021992
29031992
29041992
29051992
29061992
29071992
29081992
29091992
29101992
29111992
29121992
30011992
30021992
30031992
30041992
30051992
30061992
30071992
30081992
30091992
30101992
30111992
30121992
31011992
31021992
31031992
31041992
31051992
31061992
31071992
31081992
31091992
31101992
31111992
31121992
01011993
01021993
01031993
01041993
01051993
01061993
01071993
01081993
01091993
01101993
01111993
01121993
02011993
02021993
02031993
02041993
02051993
02061993
02071993
02081993
02091993
02101993
02111993
02121993
03011993
03021993
03031993
03041993
03051993
03061993
03071993
03081993
03091993
03101993
03111993
03121993
04011993
04021993
04031993
04041993
04051993
04061993
04071993
04081993
04091993
04101993
04111993
04121993
05011993
05021993
05031993
05041993
05051993
05061993
05071993
05081993
05091993
05101993
05111993
05121993
06011993
06021993
06031993
06041993
06051993
06061993
06071993
06081993
06091993
06101993
06111993
06121993
07011993
07021993
07031993
07041993
07051993
07061993
07071993
07081993
07091993
07101993
07111993
07121993
08011993
08021993
08031993
08041993
08051993
08061993
08071993
08081993
08091993
08101993
08111993
08121993
09011993
09021993
09031993
09041993
09051993
09061993
09071993
09081993
09091993
09101993
09111993
09121993
10011993
10021993
10031993
10041993
10051993
10061993
10071993
10081993
10091993
10101993
10111993
10121993
11011993
11021993
11031993
11041993
11051993
11061993
11071993
11081993
11091993
11101993
11111993
11121993
12011993
12021993
12031993
12041993
12051993
12061993
12071993
12081993
12091993
12101993
12111993
12121993
13011993
13021993
13031993
13041993
13051993
13061993
13071993
13081993
13091993
13101993
13111993
13121993
14011993
14021993
14031993
14041993
14051993
14061993
14071993
14081993
14091993
14101993
14111993
14121993
15011993
15021993
15031993
15041993
15051993
15061993
15071993
15081993
15091993
15101993
15111993
15121993
16011993
16021993
16031993
16041993
16051993
16061993
16071993
16081993
16091993
16101993
16111993
16121993
17011993
17021993
17031993
17041993
17051993
17061993
17071993
17081993
17091993
17101993
17111993
17121993
18011993
18021993
18031993
18041993
18051993
18061993
18071993
18081993
18091993
18101993
18111993
18121993
19011993
19021993
19031993
19041993
19051993
19061993
19071993
19081993
19091993
19101993
19111993
19121993
20011993
20021993
20031993
20041993
20051993
20061993
20071993
20081993
20091993
20101993
20111993
20121993
21011993
21021993
21031993
21041993
21051993
21061993
21071993
21081993
21091993
21101993
21111993
21121993
22011993
22021993
22031993
22041993
22051993
22061993
22071993
22081993
22091993
22101993
22111993
22121993
23011993
23021993
23031993
23041993
23051993
23061993
23071993
23081993
23091993
23101993
23111993
23121993
24011993
24021993
24031993
24041993
24051993
24061993
24071993
24081993
24091993
24101993
24111993
24121993
25011993
25021993
25031993
25041993
25051993
25061993
25071993
25081993
25091993
25101993
25111993
25121993
26011993
26021993
26031993
26041993
26051993
26061993
26071993
26081993
26091993
26101993
26111993
26121993
27011993
27021993
27031993
27041993
27051993
27061993
27071993
27081993
27091993
27101993
27111993
27121993
28011993
28021993
28031993
28041993
28051993
28061993
28071993
28081993
28091993
28101993
28111993
28121993
29011993
29021993
29031993
29041993
29051993
29061993
29071993
29081993
29091993
29101993
29111993
29121993
30011993
30021993
30031993
30041993
30051993
30061993
30071993
30081993
30091993
30101993
30111993
30121993
31011993
31021993
31031993
31041993
31051993
31061993
31071993
31081993
31091993
31101993
31111993
31121993
qwerty
qwerty2019
0987654321
1234567890
123456
123123
654321
password
12345
passport
akuntansi012
systemfailure
wearelegion1991
